-0.407599 -1.666642
-4.242762 22.505124
-0.953724 -1.281619
2.081871 -11.063617
3.170501 -18.782672
1.842617 -8.649060
4.471901 -22.577350
3.358963 -13.585374
1.186608 -6.954203
-0.714876 5.144943
0.882998 -4.221970
1.811163 -7.231433
0.676689 -6.579082
2.035291 -11.648541
3.746775 -20.351784
3.199704 -14.324572
0.767718 -8.352300
3.171525 -15.387202
-0.879326 5.653787
3.973869 -18.934249
2.946357 -12.567100
0.212650 1.004401
9.068591 -50.918158
-1.542572 6.731282
2.410968 -14.321465
2.049594 -9.814635
1.970992 -15.930041
3.383718 -15.393345
2.725715 -16.680687
7.749800 -38.802949
0.785233 -5.572367
-0.868756 4.186031
-4.641425 22.062448
-1.273818 15.475851
8.761895 -45.941007
-1.552953 3.677554
-2.344061 12.619880
6.120552 -33.328588
0.125661 -2.594213
4.032605 -15.800967
5.266374 -32.577408
-0.529713 5.189505
-0.739390 3.252263
1.661428 -15.226154
1.884430 -9.063024
1.766255 -10.803857
-2.358490 13.796743
-0.271346 2.079823
-1.086547 0.085606
0.201532 -4.233048